mgrs_tile
52MGD
53MRM
54MTD
55LDL
53MRQ
54MZA
53LRL
54MTT
54LVQ
52MGE
54MZS
53MLS
54LUR
53MKT
53MNT
53MPS
55LGK
53MRN
54MTS
55MCM
53MNQ
55LCL
54MTU
52MHC
53MQU
54MTV
55MBR
54LTR
55LGL
55LEL
53MMV
52MHD
55LFJ
53MPT
53LQL
53MNR
54MYS
53MMT
55LFK
53MKS
53MRP
55LDK
54LXQ
55MBN
53MQT
53MLR
55MDM
55LEJ
54LWQ
54LYQ
53MRU
54MUT
53MMR
54MUS
55MEM
54MYB
53MNS
53MKR
53MPQ
53MPR
54LZR
54LVR
55MBM
55LEK
55LFL
53MQQ
53MQM
53MMU
55LHJ
54LYR
53MLT
54LXR
